2403
1299
4648
2677
5542
4384
852
6192
982
6028
2236
3344
1185
1672
3436
179
381
788
5733
5413
3792
4438
5461
3634
6144
4078
4786
334
4868
575
4307
5268
2380
2041
3148
5244
6024
637
1359
1283
3826
5252
6230
687
5067
1634
3350
208
3310
6209
3886
5551
4981
2818
2459
4703
1990
854
1673
2330
6374
1928
3867
3502
5544
1614
4424
1469
4072
5510
1817
4040
531
4063
6145
1492
3377
2834
4914
2765
1032
5819
4050
2370
2444
4531
3407
6219
806
5164
725
6174
5668
601
3347
5444
3585
4765
6158
1233
4669
2746
3772
659
3368
3500
903
1485
6255
435
4610
320
4921
3131
544
4915
3957
507
6212
599
3084
5974
2144
3912
4381
1706
81
4249
4667
6285
3960
4472
1124
4708
6154
209
213
821
8
5588
2840
2061
324
6206
5722
5798
3763
1562
4483
4942
686
5417
3779
6098
3055
1895
1572
6356
48
4485
1834
5220
3978
3337
6051
344
3940
2696
1305
2612
4986
4052
2868
2782
4288
1245
4324
568
2913
6275
5981
6293
3493
3200
1342
5760
636
5224
3542
5279
4032
5284
5448
1866
2346
1100
3214
3360
3841
1545
6159
4
282
5497
1409
2070
913
3024
5468
1398
3144
1228
5339
5030
1062
2028
5275
2364
1714
591
3358
4408
1061
4370
5732
5643
4838
3611
2672
6182
5709
2285
3849
6087
5409
5883
2829
5085
3453
5679
2895
3529
483
581
3839
4191
1270
3828
5947
5721
3893
1031
30
216
4955
6088
5165
1796
1196
729
3888
2057
4719
2298
1873
3919
3719
1845
3291
1136
1868
542
2916
4621
10
299
2145
4225
3561
6189
2582
6025
1829
5594
5867
920
3540
4069
5474
1855
2881
5536
5326
4725
5777
1578
4354
2271
302
3802
2243
4356
5784
6082
4148
1678
3514
4583
1784
5790
263
2207
3031
2951
534
6377
5388
5878
885
6049
1314
5746
3330
4676
2794
1115
3569
3460
3983
3617
3764
109
2393
965
47
1236
5716
1259
868
5546
4762
2162
4932
6054
5152
214
4117
5713
5678
2081
4233
5776
3284
2184
3475
1557
6277
6041
2891
170
4264
2710
4655
497
2312
5345
5989
758
3556
4312
4107
4062
2138
5975
5245
1034
221
2751
6128
6417
5459
4799
2954
4983
2302
4386
1592
1624
4541
2733
5108
339
4096
2649
2908
4108
1181
401
2492
968
1075
2412
2561
5738
190
2189
4257
3334
307
4176
448
3354
4130
1683
4996
5184
3217
5019
2764
194
4984
2646
2941
667
4815
4617
1750
3699
3440
2276
4498
3470
6002
1518
4112
2284
2767
2516
3269
1930
5460
3703
3495
2862
1122
156
890
2689
3456
2624
520
5991
4216
188
2137
328
4582
3401
3313
2035
1568
1542
1655
1145
1504
6171
96
6010
3738
2811
894
5174
4253
3142
52
4168
88
4360
5987
2297
5537
3420
3325
6150
572
2175
392
4286
2024
4705
5636
4585
4599
2249
2148
5476
6262
3338
3304
6071
1993
4612
6409
1308
5368
4208
5270
5944
4318
3538
1588
6311
3694
3732
824
2369
2979
6231
5857
4770
2545
5512
4897
44
4188
4465
819
5044
5209
3922
4231
2734
4640
4082
2118
5402
5317
734
1864
856
500
2637
1554
151
3449
1230
4797
2428
1668
226
9
4209
4391
6336
5620
4387
5069
1625
471
5405
75
1836
5547
618
3387
5945
3427
964
1981
3170
3485
1086
1265
157
4807
5539
576
1862
3644
1063
2576
505
5347
3242
1648
713
5433
4690
2241
4269
6056
5256
1385
2495
6115
5606
917
5322
6296
5926
4150
5880
1042
403
433
6000
132
3432
1190
3711
5846
4907
1603
413
2036
4287
2133
5011
3220
712
585
1511
6407
5519
2523
3931
5829
1222
3518
5654
1540
5249
5874
382
2497
4619
5611
680
45
4303
4663
4503
5233
5060
4007
3885
5669
1396
2087
4301
3249
4959
5437
3011
1692
3935
5393
3913
6113
3348
5840
1423
1226
2252
3590
2373
3498
4394
4240
2965
2944
3196
2431
5726
2310
2856
4758
3191
3522
2246
1893
3656
1151
940
3062
5615
3856
1894
4502
3445
5914
3343
724
1216
3869
3962
2539
1710
2714
1007
533
2288
932
1516
2779
5899
5595
2111
3527
4268
2231
3704
1390
4925
3721
6157
3273
2909
4237
4720
1294
4746
1602
4923
1570
5020
2521
4564
4219
4862
1049
4353
3258
3759
332
2524
696
5362
6387
3754
2851
488
5114
3961
6259
3958
2584
2372
2984
2814
1867
373
5424
225
2281
801
4933
6228
5370
3133
2139
4849
2514
4347
840
3580
2289
3753
5097
6199
5755
2824
4173
896
321
2678
3840
1909
843
3787
5303
1080
1849
6015
5194
4026
6077
2617
976
678
951
3595
2342
5895
5548
1765
3248
4968
2407
3132
1158
2636
3051
4433
825
5238
829
5176
2863
4549
2955
1906
780
1654
3029
2540
2859
4904
4829
1569
5047
4554
6163
1301
5192
5199
4471
1162
5002
5969
6066
6315
2843
6084
2292
1810
2307
2600
316
5315
3430
3770
1029
1018
4517
2641
1854
79
4783
1785
3223
5290
2743
3566
3151
6107
1106
5670
910
4883
5676
1015
4204
2131
1118
1372
2001
603
1223
4364
6063
3975
1090
206
2680
2872
2536
2438
4860
6242
4553
4674
2929
4827
5856
4403
2413
1227
4816
4513
650
3545
1269
428
1788
2176
511
3008
888
628
2219
933
4336
3320
5965
309
4279
3484
3077
5664
3221
1370
3688
4745
5869
4314
167
4812
4064
1931
563
4701
3182
5825
3900
1357
4578
4738
5145
4250
1510
3086
772
5523
5688
4806
1754
4002
5415
5736
246
5113
5938
3332
5454
64
5442
1573
2031
5301
95
4463
1459
5888
554
1887
4437
5399
4479
1326
5703
4236
6286
5491
3506
4630
4906
314
1197
3914
13
2472
1339
1025
3070
5993
1539
899
3588
5502
5813
6332
761
5465
4817
6030
6233
612
730
5412
3657
1070
5764
1965
5820
2640
2861
1097
4146
5167
3544
1860
1156
916
2699
2974
5700
5603
374
1536
6019
1402
3442
4772
2631
3317
3516
1669
6105
6101
1901
1104
4300
2656
3134
4458
5201
3203
5094
1585
2202
4261
4697
610
2327
3108
4947
2864
5903
6324
236
5935
1201
1885
743
5753
2778
1464
4544
5212
2019
5007
5353
5818
2577
666
1187
5868
6214
5571
6342
753
3294
32
3163
1117
1323
3549
1663
4175
605
849
1112
1366
89
1886
4310
5423
2449
2759
504
2211
4721
6089
2870
1088
101
688
4537
4680
3106
1571
4863
5791
1418
5076
2201
2206
5015
2224
2199
5780
5832
1574
4327
645
3039
2480
1225
1200
2691
972
714
635
5621
3285
5119
5843
5800
5141
1082
3946
2455
4400
3555
2324
4892
1413
4606
3383
2409
94
4331
297
5710
1377
2397
6155
2830
1533
978
3183
1653
701
2712
1204
5206
1250
4832
6023
6050
4497
710
4679
6236
2676
2477
5463
5120
6329
5486
3375
6168
5239
1696
1704
5731
532
6193
6035
5827
292
5061
1980
874
1380
4550
4183
2149
6005
1037
2788
42
2045
3639
99
5797
580
1839
681
4552
2027
2897
1457
6018
1300
3169
4518
311
4015
5765
2290
1564
4442
879
5395
2068
1047
2875
1827
2443
3107
2047
4211
162
4087
2471
3153
4127
3439
3054
2953
2432
5128
3882
5222
4139
4894
1030
4505
5182
5022
4966
2264
3676
6072
2331
3724
5218
4401
4642
6269
1284
1198
6196
875
192
5953
5482
4551
5367
3280
2722
4970
4124
3589
387
555
2315
5762
4998
1749
173
5873
6226
4226
1771
4821
5311
526
4162
1871
2756
4637
6361
870
4093
2509
6362
2398
2095
4189
5289
3591
6138
5506
6223
4234
4596
3687
279
6396
1920
5580
275
4562
518
966
2532
4223
3157
3739
1727
5219
3137
773
1791
4083
3276
2898
4243
4228
570
2085
266
2445
5375
303
4049
341
5652
5948
2750
4980
4853
6029
6381
2479
290
2572
4581
3272
2314
1493
3971
1998
694
3857
1610
1354
3433
455
1782
690
509
2922
3789
4675
4447
2511
3075
4557
6283
5115
2808
3666
1853
477
5153
5711
6215
4969
5892
4626
5744
2048
2173
106
2491
1959
2757
991
2657
5851
2586
4255
6160
1957
5970
2253
506
3949
5717
3613
5826
3692
289
1486
4470
6288
2487
2055
4847
5505
317
1138
5190
4712
2594
6350
1639
4298
2163
5374
4460
3757
2256
5573
562
1381
29
689
4913
465
5441
242
5672
3651
5039
1922
6048
2157
4782
5408
6062
1170
2275
1152
3177
2282
2166
4945
4449
4343
1346
1028
5380
4855
6123
5365
3035
4643
2551
7
993
1163
4273
2825
1688
5004
491
2581
2255
1287
70
3643
1983
2567
4899
3253
674
877
1606
5828
2806
5456
6052
1802
2334
4206
2229
346
117
1307
1458
180
496
1858
1389
2465
3820
478
1341
3501
2613
5283
523
6346
2093
934
3806
1995
3993
2890
6341
699
4163
2522
5186
3654
481
971
3146
1238
243
1952
3722
74
1787
2520
4221
2997
1926
3622
5860
2563
4870
3830
4051
5663
2785
1674
3026
6067
280
5231
1155
1261
1103
5901
6031
207
3539
3240
2939
3060
5341
4047
2819
2854
6103
2990
490
1295
5936
291
1968
521
3403
3587
2723
2971
1627
181
3629
5666
2622
2094
1728
3207
2025
397
1535
1973
1500
5662
5198
5881
3974
5281
1405
735
284
2989
3553
6321
2090
2619
6004
5854
5170
3404
5050
201
1395
6382
5309
2301
3980
402
760
3718
3235
4820
5788
3999
4615
1274
802
1406
2724
4670
5237
4742
377
2153
3512
2549
1759
3866
4833
460
3892
2593
2154
977
2981
4410
4296
3213
4263
196
1927
2695
4492
1213
5354
5179
3081
2017
437
1279
5919
322
1558
2424
4885
143
139
6076
5378
3161
1915
2904
1687
3608
4210
1838
3406
4997
6305
2752
3758
2620
5961
4444
3290
1098
614
900
1896
4277
5180
369
6229
775
5385
6292
1247
82
3596
6132
2179
2419
5277
4197
6055
1113
2774
5623
2155
2169
3006
3414
1758
1219
4881
1120
4737
343
4468
5962
5127
1110
1520
4395
482
3638
2608
5360
2291
2980
3090
1242
5364
3700
5633
4319
2377
3796
5373
3259
6317
2411
4308
4010
3149
154
2357
4601
5285
5909
198
4077
871
2040
5095
4536
2022
1938
557
4195
3548
2878
956
4728
2354
902
1264
3965
5687
2623
590
2170
6235
3155
5213
5858
2077
5900
239
3316
2273
2381
3988
5910
1392
4941
5123
3040
4809
6187
3752
779
1612
5495
4114
675
6344
935
5639
5618
653
3859
1987
6061
4278
3966
6258
376
165
1934
1127
5083
451
3226
1209
6300
3517
4448
2959
4987
3165
4800
3135
5608
3570
1563
4185
3523
2075
5102
5398
1149
1419
2051
3352
5302
2822
3399
1331
6097
4706
3282
1774
5890
5369
4073
5875
4467
3328
4545
2191
2235
2972
4022
6371
427
2245
5346
2730
3774
3441
407
4352
2644
1220
4098
6003
1272
3082
5940
970
2328
961
1773
2128
5121
1004
2365
4818
1466
3234
677
4844
2614
5009
4750
2670
4927
6225
3807
3593
6080
630
244
2934
3466
2986
2338
1768
1161
4506
1961
4850
4869
3409
1358
5933
3972
6316
3263
5261
5185
5387
1689
1823
4790
6112
3809
4929
2911
998
3994
3199
823
5897
4038
5055
4239
462
3846
1919
1130
4805
148
784
2062
4488
3222
954
1316
3881
5928
4682
1725
22
1262
2233
1757
2194
6020
2262
1179
2321
110
479
2110
4217
2420
3968
5838
3824
882
969
4714
6104
261
3808
781
1875
4857
4766
5971
4009
6152
3642
2616
5307
3212
5257
389
5720
218
3716
5329
2992
1173
1809
586
6399
5328
4266
5434
5278
1525
2335
2647
5294
884
3412
1905
4988
2453
6312
6177
548
6239
2172
4729
4888
4205
5642
3438
450
3987
5998
5288
4999
1751
2415
4121
5692
4373
1912
5195
2406
625
1764
3236
4151
2161
2304
722
922
3241
1537
3799
4284
4423
3398
3156
3573
6280
6125
1503
4186
771
1410
4099
4086
4994
2066
5617
113
676
4784
5978
708
822
3397
2588
6114
3448
720
1948
6238
5648
4580
1730
1615
6276
3386
3930
2082
6039
3942
4491
567
5977
1126
4271
6014
5749
1822
5078
3340
2921
4359
183
3437
4260
5913
1907
153
789
1960
2578
2776
3402
1605
6047
5540
3085
4546
3111
3536
3405
4928
3324
3266
2010
3729
5099
2555
1251
2091
4133
1544
3140
1665
517
1391
5628
4111
3943
3
2204
379
5426
3865
3390
4154
4685
1502
5781
5467
1369
1244
4526
5941
5743
5226
897
5431
1363
2720
2889
5068
3899
1436
565
1964
2962
301
3785
3872
4059
805
72
5400
2097
2259
2602
1932
596
4609
4572
947
3178
2238
4172
818
4174
150
2065
3078
4524
312
2924
4755
6379
4256
6250
5383
5316
1676
3710
5036
6116
3854
2089
3021
1142
3515
5276
4316
359
5318
3665
2942
1509
5440
1129
5845
127
3468
1467
3205
547
474
6368
3363
1832
4713
3671
4079
5885
6119
4662
878
260
1881
2348
288
23
1051
1353
3454
5576
5260
2915
4270
6165
2772
1709
578
4917
1734
4187
2368
2707
3567
838
5833
3631
3747
2701
1530
1318
4369
199
1336
5896
4825
6340
3305
6142
3127
4484
3605
3339
927
6411
4592
1202
191
820
543
4803
5065
1039
3185
3120
4727
69
2152
5752
2665
1176
3663
2425
5898
5556
3289
3181
5541
5499
3985
595
2356
4157
6043
5593
294
4788
5235
6175
6273
6308
4594
5048
1383
4566
3321
1620
3679
4977
1552
5059
1420
3934
5622
3331
2598
4462
3650
2940
1609
5793
3477
865
3117
3565
2439
6328
3668
2366
4417
5478
4607
3670
6022
4628
2846
4291
5381
6309
440
992
1812
1412
195
811
5661
1481
4804
4028
5452
3646
3494
3964
813
5493
3843
5430
5677
904
5319
4128
3805
1694
4193
749
3781
5327
718
1733
4875
3612
1816
1334
6069
2108
1111
3016
629
3228
6211
1847
6241
1699
2109
4733
4622
1837
495
5657
1017
5712
4856
2464
237
2319
5802
5496
2303
4496
6363
2529
6009
6218
1144
5359
1584
4678
1786
6161
2725
3471
6247
3232
5135
3288
981
3255
2481
3756
3749
2376
791
1215
5351
498
4024
1636
4937
4867
5587
5632
3311
530
3410
5531
4333
4846
1623
1747
405
2894
1240
1288
1899
175
5052
833
3873
1397
2399
3044
77
994
3915
2468
1690
3315
337
756
264
3295
5037
18
4329
846
5266
3451
4717
6408
4452
3469
5205
1903
5988
3896
1742
3116
4716
3981
2611
2043
2704
4113
5305
3279
5504
6281
228
2121
4960
552
2847
1575
1846
859
4591
1217
3736
2917
1252
6264
1879
2571
5852
2384
3198
6314
2786
4075
1310
4814
1056
5650
6092
1147
2849
5803
4565
911
4902
3373
2488
5706
3990
3392
5740
2884
5653
257
3632
2869
4641
5864
577
1483
685
4385
2797
3880
6081
2599
3850
2590
3858
2460
1918
4611
408
6385
5921
4778
1514
73
2079
2151
5673
3550
5682
6064
1929
3673
3333
323
2836
810
816
1292
4991
6045
6203
375
4879
6248
37
1576
527
2795
2474
6131
4819
598
4350
4012
2968
869
4309
305
6135
347
5822
3113
793
3903
1488
1984
3543
1921
1107
3835
4267
164
3733
5274
3071
4657
4116
5255
124
4067
1974
3400
3372
6274
2978
1276
3546
5861
5707
4548
2501
2205
3000
5724
3346
606
5177
3074
315
528
434
3765
1951
4025
5779
5081
662
5154
6251
2664
656
3121
5952
5348
1451
1878
4161
4710
2218
3388
1924
4412
3832
5371
3920
3986
3571
2708
4166
2826
5003
1982
1755
386
1731
5134
5995
353
4421
1101
4411
2926
2008
6389
4775
4891
5562
569
3998
6060
2798
609
4402
845
6027
1328
3741
664
4084
485
889
4222
220
1350
3557
3862
5616
1006
4201
3507
1746
3010
5511
790
1566
5582
1239
4409
3488
516
4068
5937
3061
2023
1671
2998
308
5809
3167
3909
1582
5228
832
807
4620
2158
5513
5769
5023
4224
592
2112
6172
6279
268
1141
4638
4569
6302
1583
5450
2570
909
5379
368
5966
4704
1523
372
4058
4344
410
6032
5806
2893
3898
1803
3727
2801
579
6130
6392
205
1382
835
1910
2655
5986
5416
5741
4371
174
5705
2260
881
4654
4864
5766
2466
1460
3818
2769
28
2457
1214
2823
3905
468
5555
3534
1016
1996
1489
442
210
251
200
1529
5082
6040
798
4866
2325
1638
4779
1384
4841
4525
5912
3660
942
286
3745
3793
5597
4244
2422
892
535
5859
358
4459
1762
5932
1548
5783
4486
1954
1970
1343
4889
4579
1484
4041
349
141
1735
3959
258
1327
2174
3126
3735
3963
3901
2777
4561
1091
1660
5324
4940
5862
2827
6037
1352
129
2717
1814
5545
1102
2886
5943
3245
2434
2855
224
1649
2771
4696
4259
4652
2727
3995
2371
6234
2177
5264
4325
1770
803
2230
1779
2450
706
2906
2694
684
3193
3065
6221
3641
91
4293
4428
5763
3298
4602
5754
2905
2528
5271
980
2400
2841
1593
1119
3780
4031
4992
3947
5436
2513
4441
6021
6394
2519
6378
2222
4215
1073
6169
2726
5925
4692
2745
3123
2618
3209
2350
4011
553
3023
5715
1193
3103
5516
5131
4780
4533
5686
253
3794
2740
1559
2538
3004
2673
4673
3707
5470
3991
5584
4811
2687
5018
424
2127
3705
65
536
3851
864
3252
3697
1675
4027
561
1092
3129
50
607
1440
3307
5088
755
4306
3162
1263
4501
6325
4715
5229
2880
5804
1658
2526
4876
5267
4672
1497
2263
5404
3464
3335
5795
5599
2938
1171
4586
5923
2933
204
697
5719
4764
4752
2063
3296
2607
5313
5771
2379
4494
1736
5142
3927
1813
6096
1975
6078
1139
2269
5659
1205
1258
5026
6065
5014
2414
318
1332
782
6401
3910
611
2579
3614
949
5527
3109
3034
3821
2349
3038
5957
2626
5696
2159
3861
1870
366
4972
1541
1180
5098
4495
4671
3446
118
828
4848
5972
3891
6358
5451
3509
5200
5138
3102
3411
1194
62
3708
2705
747
4013
2396
4731
4383
5520
4337
36
3422
2867
3192
1038
3952
3366
4571
1134
529
661
3417
3606
2316
1393
3574
3884
4357
3067
3528
357
1404
2362
5352
1976
5282
3384
2456
1963
744
1524
4345
2988
3095
2697
2473
2783
5394
1505
3731
2719
2502
4871
3997
4238
2731
494
2550
6083
2621
3790
394
5581
2014
3762
5785
3649
4136
5834
4794
3743
6348
2970
469
4464
6143
5129
3878
1856
3831
1783
2565
4457
6148
3875
422
5292
2124
2383
364
1682
693
1035
5251
5058
1942
2530
3481
4061
3389
5295
6166
2240
457
4890
3568
3825
1478
812
4785
6360
826
1293
1164
1941
2267
6322
2925
5168
2475
5625
621
3087
6110
4910
5106
4207
2775
1546
5072
2078
5529
3926
4178
6197
5183
3742
600
3879
3002
5049
6353
4593
5973
5964
2792
2892
1002
4399
3519
2876
4528
4810
2103
5614
5193
6208
5111
361
2228
1819
4435
2852
5300
3499
3030
3532
6222
2918
4155
2873
5429
1806
6044
2948
4851
3063
5107
1452
3675
3267
2257
5151
5533
5566
5427
5247
4338
4229
1009
3709
5366
1281
2596
2215
4576
3395
1744
418
4756
371
6151
5830
5481
3152
3701
4694
1691
1246
6095
4597
671
2635
604
1183
3068
6232
5203
3482
4169
4967
319
2741
5758
883
274
3049
3476
2234
5080
116
241
